{
    "warpMatrix": {
        "type_id": "opencv-matrix",
        "rows": 3,
        "cols": 3,
        "dt": "d",
        "data": [ 9.5006292866381969e-01, -2.6151952147909663e-02,
            1.9866210857552201e+01, 4.6337732702121145e-02,
            9.9326404670985424e-01, -3.8134968708753512e+01,
            -7.3387236927755837e-05, 4.5699862177567632e-05, 1.0 ]
    }
}
