{
    "warpMatrix": {
        "type_id": "opencv-matrix",
        "rows": 3,
        "cols": 3,
        "dt": "d",
        "data": [ 1.0599486080384584e+00, 4.2556306095816197e-02,
            -1.9962680206528454e+01, -3.7465016552979145e-02,
            1.0436427306206912e+00, 3.4542005660939935e+01,
            5.7805016743754949e-05, 5.4575136827016560e-05, 1.0 ]
    }
}
