{
    "warpMatrix": {
        "type_id": "opencv-matrix",
        "rows": 3,
        "cols": 3,
        "dt": "d",
        "data": [ 5.0523295058305495e-01, 1.4497815308674800e-01,
            1.6129893755761066e+02, -4.3935908698801159e-02,
            6.7799619211736661e-01, 2.4637595543056616e+01,
            -2.4214713040702262e-04, 3.3867023389920622e-04, 1.0 ]
    }
}
