{
    "warpMatrix": {
        "type_id": "opencv-matrix",
        "rows": 3,
        "cols": 3,
        "dt": "d",
        "data": [ 7.8728302929551308e-01, 2.3706078555092509e-02,
            -1.7390321871211045e+00, -3.9274919299534604e-02,
            7.7639827254014437e-01, 4.5090226852487341e+01,
            -3.2184582166227635e-05, -6.3328438647046475e-05, 1.0 ]
    }
}
