{
    "warpMatrix": {
        "type_id": "opencv-matrix",
        "rows": 3,
        "cols": 3,
        "dt": "d",
        "data": [ 3.0351341865245157e-01, 5.2021465576207820e-02,
            1.2673719496041659e+02, -5.5276481214190223e-02,
            3.8364262155047901e-01, 1.4044375323531844e+02,
            -4.5565378974300611e-04, 1.5242461031198451e-04, 1.0 ]
    }
}
