{
    "warpMatrix": {
        "type_id": "opencv-matrix",
        "rows": 3,
        "cols": 3,
        "dt": "d",
        "data": [ 6.6153834279740886e-01, 2.0031734270106061e-02,
            7.1118861023342372e+00, -1.6482602454513336e-02,
            6.5776102262179947e-01, 1.2606907917946808e+02,
            2.2167341541495210e-05, 3.9541447690357801e-07,
            9.9999999999999989e-01 ]
    }
}
