{
    "warpMatrix": {
        "type_id": "opencv-matrix",
        "rows": 3,
        "cols": 3,
        "dt": "d",
        "data": [ 7.5093322683811381e-01, -4.4589691153366647e-02,
            1.4670125548065607e+02, -2.0355707586053637e-02,
            7.3097083230317161e-01, 2.1390159520501481e+01,
            2.5764532975869971e-04, -1.5892454268893745e-04, 1.0 ]
    }
}
