{
    "warpMatrix": {
        "type_id": "opencv-matrix",
        "rows": 3,
        "cols": 3,
        "dt": "d",
        "data": [ 2.4457199910472044e-01, 7.6387795544520425e-03,
            1.8568517456266650e+02, -3.3651915207823430e-02,
            2.8023504942258837e-01, 1.5043583769674731e+02,
            -1.8228434976506227e-04, -1.2021909270754902e-05, 1.0 ]
    }
}
